0038 0002
0038 0012
0038 0022
0038 0034
0038 0044
0038 0056
0038 0066
0038 0078
0038 0088
0038 0100
0038 0110
0038 0122
0038 0132
0038 0143
0039 0002
0039 0007
0039 0012
0039 0018
0039 0023
0039 0030
0039 0035
0039 0041
0039 0046
0039 0053
0039 0058
0039 0064
0039 0069
0039 0075
0041 0002
0041 0008
0041 0015
0041 0023
0041 0029
0041 0037
0041 0044
0041 0051
0041 0058
0041 0066
0041 0072
0041 0080
0041 0087
0041 0094
0043 0002
0043 0008
0043 0014
0043 0021
0043 0028
0043 0035
0043 0041
0043 0049
0043 0055
0043 0062
0043 0069
0043 0076
0043 0082
0043 0089
0044 0002
0044 0006
0044 0011
0044 0017
0044 0022
0044 0027
0044 0032
0044 0038
0044 0043
0044 0048
0044 0053
0044 0059
0044 0064
0044 0069
0045 0002
0045 0016
0045 0031
0045 0046
0045 0061
0045 0076
0045 0091
0045 0106
0045 0121
0045 0136
0045 0151
0045 0166
0045 0181
0045 0196
0047 0002
0047 0021
0047 0041
0047 0062
0047 0082
0047 0103
0047 0123
0047 0144
0047 0164
0047 0185
0047 0205
0047 0226
0047 0246
0047 0266
